45,52
45,51
45,50
45,49
45,48
45,47
45,46
45,45
45,44
45,43
45,42
45,41
45,40
45,39
45,38
45,37
0,493
0,492
45,36
31,2
33,5
33,1
33,3
31,1
31,3
29,5
29,1
29,3
27,4
27,1
27,3
0,273
0,270
45,35
3,2
3,1
3,3
10,124
10,146
10,144
10,278
10,114
10,244
10,196
10,1
10,206
10,2
10,3
11,12
11,22
11,8
11,10
11,4
11,6
11,16
11,1
11,26
11,2
11,3
9,7
9,6
9,1
9,4
9,2
9,3
8,11
8,7
8,4
8,5
8,8
8,1
8,9
8,2
8,3
12,2
12,1
12,3
20,2
20,1
20,3
19,2
19,1
19,3
18,1
18,3
44,3
14,1
44,2
44,1
14,3
44,0
42,4
42,3
13,1
42,2
42,1
13,3
42,0
40,5
40,4
40,3
40,2
40,1
40,0
